[FGSM]
eps = 0.1568627450980392
[BIM]
eps=0.01568627450980392
alpha=0.1392156862745098
steps=10
[RFGSM]
eps=0.06274509803921569
alpha=0.03137254901960784
steps=5

[CW]
eps=0.0001
kappa=0.0
steps=10
lr=0.01

[PGD]
eps=0.3
alpha=0.05784313725490196
steps=10
random_start=False

[PGDL2]
eps=1.0
alpha=0.4
steps=40
random_start=False
eps_for_division=1e-10

[EOTPGD]
eps=0.3
alpha=0.01784313725490196
steps=20
sampling=10

[MultiAttack]
attacks=["PGD","FGSM"]

[FFGSM]
eps=0.13137254901960785
alpha=0.037254901960784

[TPGD]
eps=0.03137254901960784
alpha=0.00784313725490196
steps=7

[MIFGSM]
eps=0.13137254901960785
steps=5
decay=1.0

[VANILA]

[GN]
sigma=0.1

[PGDDLR]
eps=0.3
alpha=0.00784313725490196
steps=40
random_start=0

[APGD]
norm=Linf
eps=0.03137254901960784
steps=100
n_restarts=1
seed=0
loss=ce
eot_iter=1
rho=0.75
verbose=0

[APGDT]
eps=0.03137254901960784
; steps=100
steps=5
n_restarts=1
seed=0
eot_iter=1
rho=0.75
verbose=0
n_classes=10

[Square]
norm=Linf
eps=0
; n_queries=5000
n_queries=50
n_restarts=1
p_init=0.8
loss=margin
resc_schedule=1
seed=0
verbose=0
targeted=1

[AutoAttack]
norm=Linf
eps=0.3
version=standard
n_classes=10
seed=0
verbose=1

[OnePixel]
pixels=1
; steps=75
steps=3
popsize=400
inf_batch=128

[DeepFool]
; steps=10
steps=2
eps=0.1

[SparseFool]
; steps=20
steps=4
lam=3
eps=0.02

[DI2FGSM]
eps=0.03137254901960784
alpha=0.00784313725490196
; steps=20
steps=3
decay=0.0
resize_rate=0.9
diversity_prob=0.5
random_start=False

[FAB]
norm = Linf
; eps = None
; steps = 100
steps = 5
n_restarts = 1
alpha_max = 0.1
eta = 1.05
beta = 0.9
; verbose = false
seed = 0
; targeted = false
n_classes = 10
[CIFAR100]
name=CIFAR100
num_classes= 100
path=0
batch_size=256
bounds=[-1, 1]
mean= (0.43768206, 0.44376972, 0.47280434)
std=(0.19803014, 0.20101564, 0.19703615)

[CIFAR10]
name=CIFAR10
num_classes= 10
path=0
batch_size=200
bounds=[-1, 1]
mean= (0.4914, 0.4822, 0.4465)
std=(0.2023, 0.1994, 0.2010)

[MNIST]
name=MNIST
num_classes= 10
path=0
batch_size=256
bounds=[-1, 1]
mean= (0.1307)
std=(0.3081)

[Imagenet1k]
name=Imagenet1k
num_classes= 1000
path=0
batch_size=256
bounds=[-1, 1]
mean= (0.485, 0.456, 0.406)
std=(0.2023, 0.1994, 0.2010)

[SVHN]
name=SVHN
num_classes= 10
path=0
batch_size=256
bounds=[-1, 1]
mean= (0.4377, 0.4438, 0.4728)
std=(0.1980, 0.2010, 0.1970)

[CUBS200]
name=CUBS200
num_classes= 200
path=0
batch_size=256
bounds=[-1, 1]
mean= (0.485, 0.456, 0.406)
std=(0.229, 0.224, 0.225)